1000 1491.11 1038.72 2226.46 0.0
6000 1474.25 958.4 2447.97 0.0
11000 1364.83 974.79 1618.29 0.0
16000 1565.45 1071.78 2465.55 0.0
21000 1369.4 977.02 2493.56 0.0
26000 1324.92 976.17 2033.49 0.0
31000 1316.26 959.34 2101.15 0.0
36000 1464.49 1084.69 2248.32 0.0
41000 1212.26 980.68 1508.3 0.0
46000 1325.51 1032.63 1651.12 0.0
51000 1354.82 990.64 2265.68 0.0
56000 1216.06 1005.88 1464.35 0.0
61000 1050.93 968.49 1212.24 0.0
66000 1089.1 960.85 1346.26 0.0
71000 1254.56 967.79 1980.18 0.0
76000 1311.26 961.5 1715.92 0.0
81000 1509.95 959.41 2416.09 0.0
86000 1288.81 966.55 1878.79 0.0
91000 1584.03 1053.7 2366.51 0.0
96000 1545.01 977.11 2161.24 0.0
101000 1392.53 964.95 2485.14 0.0
106000 1813.03 1013.75 2316.64 0.0
111000 1349.18 1040.07 1969.31 0.0
116000 1371.73 960.85 2384.54 0.0
121000 1225.86 1121.54 1368.87 0.0
126000 1333.27 962.33 2438.33 0.0
131000 1358.26 1002.27 1832.03 0.0
136000 1666.91 1042.67 2092.98 0.0
141000 1185.49 1051.12 1427.27 0.0
146000 1035.92 958.21 1154.46 0.0
151000 1267.84 958.16 1745.86 0.0
156000 1459.4 973.48 2403.36 0.0
161000 1639.68 987.16 2291.45 0.0
166000 1163.73 970.96 1432.57 0.0
171000 1293.91 961.84 1938.75 0.0
176000 1654.05 977.19 2437.8 0.0
181000 1701.52 973.74 2263.55 0.0
186000 1374.75 969.48 1994.6 0.0
191000 1221.76 964.42 1608.39 0.0
196000 1300.93 958.91 2385.06 0.0
201000 1402.67 974.94 2302.8 0.0
206000 1069.94 989.08 1222.47 0.0
211000 1597.41 1040.2 2193.87 0.0
216000 1184.13 994.41 1355.58 0.0
221000 1214.89 981.04 1473.22 0.0
226000 1223.79 969.81 1662.65 0.0
231000 1206.15 959.75 1968.78 0.0
236000 1626.1 977.14 2048.57 0.0
241000 1399.45 960.35 2304.19 0.0
246000 1651.91 969.73 2436.25 0.0
251000 1332.57 975.46 1964.1 0.0
256000 1103.48 977.63 1252.7 0.0
261000 1094.91 997.99 1188.44 0.0
266000 1727.09 968.41 2484.11 0.0
271000 1263.76 1001.9 1842.75 0.0
276000 1257.96 989.09 1646.82 0.0
281000 1295.83 985.3 1599.91 0.0
286000 1245.67 962.37 2044.16 0.0
291000 1394.88 1030.26 1986.37 0.0
296000 1285.2 991.97 2158.42 0.0
301000 1212.42 972.74 1575.14 0.0
306000 1375.43 973.77 2458.49 0.0
311000 1437.58 970.29 2451.36 0.0
316000 1368.15 958.05 2134.68 0.0
321000 1416.61 967.15 2119.93 0.0
326000 1543.58 993.02 2220.78 0.0
331000 1310.74 992.12 2290.79 0.0
336000 1379.18 1048.27 1781.95 0.0
341000 1177.69 1007.87 1455.34 0.0
346000 1240.3 959.2 1805.96 0.0
351000 1044.62 958.56 1161.8 0.0
356000 1530.91 974.1 2274.29 0.0
361000 1565.99 962.52 2309.03 0.0
366000 1183.55 1013.32 1628.31 0.0
371000 1470.82 966.98 2377.3 0.0
376000 1729.29 1175.56 2277.35 0.0
381000 1047.13 966.01 1137.85 0.0
386000 1329.9 965.93 2004.35 0.0
391000 1661.25 996.22 2473.42 0.0
396000 1459.55 999.61 2402.78 0.0
401000 1061.36 959.84 1373.13 0.0
406000 1369.54 962.82 2259.42 0.0
411000 1220.87 966.39 1809.92 0.0
416000 1296.76 966.15 1937.22 0.0
421000 1038.95 960.41 1213.98 0.0
426000 1061.93 960.47 1204.48 0.0
431000 2002.77 1277.14 2365.22 0.0
436000 1327.59 975.96 2298.15 0.0
441000 1462.92 1049.91 2281.14 0.0
446000 1165.84 1020.44 1399.43 0.0
451000 1436.6 998.49 1852.3 0.0
456000 1222.14 1091.94 1627.26 0.0
461000 1489.81 969.65 2499.58 0.0
466000 1803.78 1008.2 2093.26 0.0
471000 1291.9 1020.27 2162.88 0.0
476000 1544.9 959.2 2228.48 0.0
481000 1377.41 1061.06 2128.0 0.0
486000 1125.9 991.83 1416.26 0.0
491000 1284.09 961.44 2349.52 0.0
496000 1319.18 968.16 2319.99 0.0
501000 1604.04 1004.42 2193.89 0.0
506000 1470.13 1037.76 2121.57 0.0
511000 1227.11 960.39 1682.76 0.0
516000 1624.93 1052.86 2449.94 0.0
521000 1362.01 959.2 2290.61 0.0
526000 1375.22 959.79 2443.81 0.0
531000 1398.46 971.89 1878.8 0.0
536000 1215.27 959.52 1714.89 0.0
541000 1589.0 965.43 2464.15 0.0
546000 1126.29 977.14 1476.89 0.0
551000 1341.08 961.65 2380.56 0.0
556000 1416.48 977.63 2406.11 0.0
561000 1446.84 1002.17 2114.29 0.0
566000 1296.44 982.57 2037.8 0.0
571000 1546.22 995.2 1937.38 0.0
576000 1420.93 959.04 2215.19 0.0
581000 1571.87 1004.58 2155.93 0.0
586000 1622.19 994.07 2448.5 0.0
591000 1169.56 963.96 1809.16 0.0
596000 1452.57 961.66 2147.85 0.0
601000 1355.34 1025.44 1765.35 0.0
606000 1584.33 959.84 2318.73 0.0
611000 1506.75 988.29 1847.35 0.0
616000 1404.73 1034.55 2016.34 0.0
621000 1492.84 973.93 1999.26 0.0
626000 1146.23 970.9 1660.58 0.0
631000 1143.12 957.91 1544.03 0.0
636000 1543.43 1088.46 2465.22 0.0
641000 1716.92 1011.23 2462.87 0.0
646000 1827.03 1002.13 2448.15 0.0
651000 1355.3 1011.9 2214.4 0.0
656000 1471.07 1024.1 2134.32 0.0
661000 1307.44 973.51 1985.71 0.0
666000 1304.26 959.23 2270.47 0.0
671000 1220.09 978.0 1434.34 0.0
676000 1441.79 992.66 2400.37 0.0
681000 1045.74 966.74 1207.93 0.0
686000 1409.57 999.53 2491.54 0.0
691000 1151.53 958.79 1873.28 0.0
696000 1333.69 977.19 1975.62 0.0
701000 1516.88 988.34 2444.67 0.0
706000 1294.68 1020.75 2040.59 0.0
711000 1791.4 1216.17 2130.13 0.0
716000 1075.36 976.12 1262.69 0.0
721000 1626.72 964.36 2138.83 0.0
726000 1283.28 960.96 2333.69 0.0
731000 1473.38 983.14 2444.82 0.0
736000 1098.32 979.99 1256.41 0.0
741000 1214.92 971.69 1980.29 0.0
746000 1284.14 1021.47 1627.4 0.0
751000 1331.17 962.11 2136.74 0.0
756000 1319.27 958.42 2358.56 0.0
761000 1909.34 989.4 2367.33 0.0
766000 1713.8 1000.8 2361.27 0.0
771000 1618.28 1003.82 2345.7 0.0
776000 1402.98 988.1 2366.11 0.0
781000 1591.29 985.12 2473.8 0.0
786000 1087.62 1006.96 1277.29 0.0
791000 1441.74 986.42 2095.36 0.0
796000 1068.65 958.62 1302.92 0.0
801000 1172.59 963.16 1721.31 0.0
806000 1233.0 985.21 1812.59 0.0
811000 1284.66 1001.84 1507.3 0.0
816000 1652.07 988.95 2343.96 0.0
821000 1187.16 980.93 1570.91 0.0
826000 1066.21 1000.25 1240.91 0.0
831000 1228.61 1024.11 1566.18 0.0
836000 1024.49 967.61 1136.39 0.0
841000 1207.05 970.33 1922.34 0.0
846000 1384.83 961.19 1778.0 0.0
851000 1097.08 965.67 1333.89 0.0
856000 1133.33 975.6 1279.67 0.0
861000 1522.77 982.13 1724.96 0.0
866000 1123.5 959.7 1511.54 0.0
871000 1327.17 1017.64 1958.35 0.0
876000 1441.6 980.78 2296.3 0.0
881000 1229.85 986.81 1639.35 0.0
886000 1315.5 964.12 2101.31 0.0
891000 1104.68 982.79 1286.93 0.0
896000 1294.51 958.18 2462.03 0.0
901000 1101.24 960.18 1504.99 0.0
906000 1280.52 960.47 2352.48 0.0
911000 1190.27 959.7 1762.64 0.0
916000 1460.36 1193.89 2033.54 0.0
921000 1110.04 984.74 1316.72 0.0
926000 1203.64 964.0 1663.85 0.0
931000 1539.1 981.21 2430.05 0.0
936000 1238.46 973.13 1845.08 0.0
941000 1489.83 965.61 2467.55 0.0
946000 1191.03 996.03 1546.88 0.0
951000 1160.83 1028.58 1302.51 0.0
956000 1312.09 959.14 2374.4 0.0
961000 1033.68 965.9 1193.49 0.0
966000 1370.13 957.97 2284.95 0.0
971000 1204.48 983.86 1637.55 0.0
976000 1176.57 959.43 1533.74 0.0
981000 1108.8 961.72 1628.97 0.0
986000 1481.0 959.68 2466.01 0.0
991000 1320.14 964.21 2161.04 0.0
996000 1687.59 1045.1 2118.23 0.0
