1000 1083.63 891.28 1198.5 0.0
6000 1275.91 1054.38 1415.44 0.0
11000 966.47 882.01 1121.63 0.0
16000 926.78 865.84 982.74 0.0
21000 991.01 867.51 1268.7 0.0
26000 1088.7 897.76 1423.94 0.0
31000 968.88 878.17 1142.12 0.0
36000 980.55 866.75 1286.32 0.0
41000 1062.6 899.9 1377.22 0.0
46000 1106.99 886.81 1311.42 0.0
51000 984.62 863.29 1124.42 0.0
56000 1011.99 863.35 1338.9 0.0
61000 1030.95 882.27 1275.27 0.0
66000 1085.0 871.77 1397.9 0.0
71000 1007.28 890.72 1215.34 0.0
76000 926.48 863.55 1120.03 0.0
81000 1103.5 874.77 1407.05 0.0
86000 1202.18 964.4 1377.61 0.0
91000 910.64 872.02 1022.67 0.0
96000 1047.49 867.54 1352.9 0.0
101000 1083.18 871.18 1364.26 0.0
106000 1171.64 1104.66 1283.43 0.0
111000 1040.52 898.74 1306.23 0.0
116000 1093.57 931.74 1349.81 0.0
121000 1089.19 888.43 1411.03 0.0
126000 1043.37 868.48 1284.73 0.0
131000 1052.29 864.63 1201.09 0.0
136000 1243.34 893.14 1374.51 0.0
141000 1039.25 866.5 1374.34 0.0
146000 958.62 863.23 1196.99 0.0
151000 1168.26 970.77 1396.07 0.0
156000 1017.97 864.15 1175.67 0.0
161000 1122.6 920.43 1347.59 0.0
166000 969.54 871.12 1092.53 0.0
171000 1013.34 863.26 1238.07 0.0
176000 1000.56 865.96 1268.89 0.0
181000 1011.69 878.62 1241.61 0.0
186000 909.11 865.23 977.03 0.0
191000 937.4 863.26 1035.87 0.0
196000 1069.0 885.33 1399.04 0.0
201000 905.3 869.74 1002.49 0.0
206000 1017.38 879.68 1308.3 0.0
211000 1071.02 869.07 1415.37 0.0
216000 1069.62 899.21 1254.27 0.0
221000 1025.27 890.12 1313.72 0.0
226000 1038.32 884.49 1347.69 0.0
231000 927.47 866.9 1070.04 0.0
236000 950.47 876.36 1056.58 0.0
241000 1030.56 865.9 1336.07 0.0
246000 1044.33 897.84 1326.6 0.0
251000 1017.47 894.53 1356.55 0.0
256000 996.24 864.68 1279.04 0.0
261000 1011.74 894.34 1163.62 0.0
266000 1146.91 978.8 1420.05 0.0
271000 1051.24 879.94 1287.03 0.0
276000 1066.27 876.38 1191.68 0.0
281000 1025.01 866.06 1190.91 0.0
286000 977.19 870.54 1330.4 0.0
291000 1043.28 913.2 1209.26 0.0
296000 1035.86 893.65 1392.12 0.0
301000 918.27 870.93 995.53 0.0
306000 1033.01 891.15 1339.46 0.0
311000 1210.3 868.25 1397.4 0.0
316000 1056.58 914.37 1260.67 0.0
321000 1100.09 875.14 1354.09 0.0
326000 982.37 913.29 1214.0 0.0
331000 1187.6 868.66 1350.92 0.0
336000 1073.25 868.29 1359.76 0.0
341000 1140.37 863.48 1359.7 0.0
346000 1123.63 868.38 1377.54 0.0
351000 1032.01 870.79 1188.34 0.0
356000 1099.75 869.36 1323.9 0.0
361000 1238.06 1006.85 1399.87 0.0
366000 915.95 880.21 955.71 0.0
371000 1023.24 869.5 1235.84 0.0
376000 1026.06 865.26 1409.33 0.0
381000 1078.36 868.45 1336.85 0.0
386000 1048.2 866.34 1303.71 0.0
391000 1054.69 864.63 1388.25 0.0
396000 1075.25 917.61 1298.94 0.0
401000 1041.24 905.32 1145.99 0.0
406000 1154.43 884.01 1328.46 0.0
411000 980.7 863.21 1181.63 0.0
416000 1023.02 867.07 1255.55 0.0
421000 1048.78 869.01 1369.18 0.0
426000 998.16 903.65 1194.76 0.0
431000 1079.24 865.88 1422.88 0.0
436000 1087.62 916.35 1331.73 0.0
441000 1005.66 863.32 1121.81 0.0
446000 1178.98 866.6 1404.42 0.0
451000 970.1 863.22 1291.5 0.0
456000 1059.82 866.6 1405.48 0.0
461000 884.93 863.27 924.3 0.0
466000 1012.85 876.75 1420.66 0.0
471000 1012.2 864.49 1183.32 0.0
476000 980.69 864.07 1242.24 0.0
481000 904.91 863.98 964.12 0.0
486000 1053.96 866.82 1350.05 0.0
491000 1025.21 867.01 1265.78 0.0
496000 1115.68 920.17 1315.24 0.0
501000 1152.59 893.84 1387.23 0.0
506000 1082.86 869.37 1337.24 0.0
511000 919.5 865.25 1089.24 0.0
516000 1058.68 892.9 1388.07 0.0
521000 951.16 868.96 1094.12 0.0
526000 983.51 866.81 1220.64 0.0
531000 1181.71 865.44 1429.9 0.0
536000 946.11 865.84 1139.67 0.0
541000 1014.93 870.95 1409.81 0.0
546000 1098.4 915.92 1312.51 0.0
551000 1096.62 868.42 1367.12 0.0
556000 1017.95 920.96 1221.06 0.0
561000 1239.26 1042.52 1430.51 0.0
566000 985.68 866.03 1358.24 0.0
571000 1031.46 865.37 1358.28 0.0
576000 998.96 869.3 1380.53 0.0
581000 1086.91 875.7 1261.89 0.0
586000 966.43 876.93 1301.34 0.0
591000 1057.77 868.05 1346.88 0.0
596000 1110.27 863.97 1375.2 0.0
601000 1036.34 865.5 1298.85 0.0
606000 1027.41 880.77 1245.52 0.0
611000 958.13 880.92 1200.75 0.0
616000 1023.43 865.03 1372.53 0.0
621000 1040.99 873.2 1217.65 0.0
626000 1058.4 874.29 1300.17 0.0
631000 1005.39 865.31 1298.8 0.0
636000 1076.31 864.76 1421.28 0.0
641000 897.21 868.23 919.51 0.0
646000 1105.46 894.66 1245.54 0.0
651000 1094.18 871.14 1417.58 0.0
656000 1013.16 895.92 1156.43 0.0
661000 973.31 895.05 1086.91 0.0
666000 1062.77 864.62 1293.07 0.0
671000 1032.96 863.5 1418.22 0.0
676000 1028.77 881.24 1186.0 0.0
681000 1124.64 888.75 1367.17 0.0
686000 1108.31 898.82 1336.6 0.0
691000 1073.02 874.1 1396.0 0.0
696000 1106.17 885.18 1384.29 0.0
701000 1083.69 937.32 1399.2 0.0
706000 1121.19 884.41 1365.07 0.0
711000 1132.87 875.49 1379.03 0.0
716000 1022.86 863.84 1343.14 0.0
721000 1013.47 863.6 1222.12 0.0
726000 933.26 870.83 1075.54 0.0
731000 970.13 867.97 1299.16 0.0
736000 1160.67 864.23 1378.02 0.0
741000 1000.03 869.67 1279.59 0.0
746000 1168.24 951.01 1341.87 0.0
751000 1070.19 895.56 1413.64 0.0
756000 1083.49 868.19 1319.51 0.0
761000 1165.36 880.16 1356.58 0.0
766000 1146.34 985.41 1374.72 0.0
771000 1137.82 888.84 1414.71 0.0
776000 950.18 881.64 1102.77 0.0
781000 993.29 906.74 1153.03 0.0
786000 1033.54 877.87 1227.66 0.0
791000 1079.19 865.79 1389.3 0.0
796000 987.68 866.99 1218.74 0.0
801000 954.36 866.35 1037.52 0.0
806000 1037.07 877.43 1401.69 0.0
811000 953.7 863.25 1175.54 0.0
816000 963.71 868.8 1105.2 0.0
821000 1199.82 1002.35 1375.83 0.0
826000 1080.34 898.29 1356.64 0.0
831000 993.85 894.18 1277.82 0.0
836000 1005.45 911.2 1139.06 0.0
841000 978.34 914.24 1102.01 0.0
846000 908.18 864.6 941.76 0.0
851000 987.06 870.32 1378.9 0.0
856000 992.98 887.03 1155.04 0.0
861000 1127.99 868.96 1303.36 0.0
866000 1283.61 965.81 1414.33 0.0
871000 1018.49 876.82 1133.94 0.0
876000 969.13 878.23 1079.77 0.0
881000 1002.9 863.99 1315.73 0.0
886000 1086.55 870.29 1428.21 0.0
891000 1072.6 868.76 1361.35 0.0
896000 1111.29 901.56 1353.9 0.0
901000 1074.56 866.53 1420.24 0.0
906000 1045.65 882.08 1368.38 0.0
911000 934.27 868.98 1015.63 0.0
916000 1091.8 897.58 1395.76 0.0
921000 1115.36 952.26 1317.58 0.0
926000 1082.64 867.05 1409.22 0.0
931000 1030.13 889.92 1241.72 0.0
936000 1206.83 965.18 1404.64 0.0
941000 1031.34 863.68 1270.18 0.0
946000 932.33 864.6 1054.79 0.0
951000 1140.97 873.37 1393.7 0.0
956000 1103.72 912.84 1372.75 0.0
961000 1148.24 869.32 1386.47 0.0
966000 1028.29 868.41 1359.63 0.0
971000 1184.68 906.99 1403.22 0.0
976000 1036.85 882.91 1379.6 0.0
981000 1050.91 874.49 1429.58 0.0
986000 902.96 865.9 1006.95 0.0
991000 1033.16 876.24 1343.82 0.0
996000 1025.86 864.55 1337.38 0.0
