1000 775.11 764.02 813.23 0.0
6000 773.83 764.09 785.31 0.0
11000 778.77 764.47 801.1 0.0
16000 783.98 764.44 814.19 0.0
21000 769.91 763.94 787.06 0.0
26000 766.81 765.1 771.57 0.0
31000 802.32 764.45 823.93 0.0
36000 783.82 766.53 811.54 0.0
41000 776.15 763.94 803.07 0.0
46000 772.54 763.96 789.9 0.0
51000 785.41 763.94 822.4 0.0
56000 769.8 764.19 777.73 0.0
61000 788.29 768.21 814.91 0.0
66000 770.65 763.95 782.45 0.0
71000 772.69 764.12 792.66 0.0
76000 766.63 763.95 771.79 0.0
81000 783.63 764.0 811.71 0.0
86000 779.54 765.06 809.92 0.0
91000 773.97 766.24 791.16 0.0
96000 783.26 763.94 799.9 0.0
101000 789.3 764.05 819.92 0.0
106000 785.2 766.12 825.48 0.0
111000 782.95 767.02 807.36 0.0
116000 782.7 766.33 812.72 0.0
121000 789.8 767.71 817.69 0.0
126000 766.21 763.94 770.37 0.0
131000 791.96 764.12 814.45 0.0
136000 770.09 764.14 780.76 0.0
141000 780.84 763.97 818.9 0.0
146000 783.78 763.94 824.27 0.0
151000 776.4 765.75 813.29 0.0
156000 779.33 763.95 821.9 0.0
161000 769.8 763.95 781.97 0.0
166000 775.36 763.99 806.92 0.0
171000 767.36 765.01 771.17 0.0
176000 795.66 765.9 819.35 0.0
181000 783.15 763.95 815.64 0.0
186000 780.65 763.94 803.7 0.0
191000 782.59 763.94 815.92 0.0
196000 771.88 763.96 794.2 0.0
201000 768.22 764.53 771.71 0.0
206000 775.83 763.99 805.24 0.0
211000 772.0 764.88 790.8 0.0
216000 787.91 765.35 822.28 0.0
221000 774.18 764.32 799.86 0.0
226000 772.61 763.96 798.42 0.0
231000 774.77 765.85 797.19 0.0
236000 780.34 763.96 824.42 0.0
241000 789.13 764.49 817.59 0.0
246000 772.31 765.41 794.77 0.0
251000 773.65 763.95 798.25 0.0
256000 788.38 766.66 819.75 0.0
261000 780.2 764.52 811.79 0.0
266000 787.37 764.01 810.92 0.0
271000 776.7 763.99 799.41 0.0
276000 776.09 764.4 811.15 0.0
281000 807.0 778.48 822.63 0.0
286000 774.76 764.06 798.44 0.0
291000 778.11 764.67 817.94 0.0
296000 779.31 764.01 807.09 0.0
301000 772.57 763.95 782.5 0.0
306000 771.58 764.18 786.39 0.0
311000 777.74 763.94 793.38 0.0
316000 784.51 764.87 814.9 0.0
321000 780.89 764.48 824.5 0.0
326000 773.76 764.49 803.48 0.0
331000 778.66 764.83 805.8 0.0
336000 773.26 763.97 797.64 0.0
341000 770.91 764.51 784.75 0.0
346000 774.89 764.74 807.67 0.0
351000 781.2 766.76 791.5 0.0
356000 765.33 764.31 766.27 0.0
361000 767.74 764.09 778.78 0.0
366000 775.35 764.34 803.54 0.0
371000 787.41 769.88 811.06 0.0
376000 782.36 763.95 820.57 0.0
381000 773.39 764.28 794.98 0.0
386000 780.12 769.37 801.94 0.0
391000 771.27 763.95 790.37 0.0
396000 793.93 764.07 817.46 0.0
401000 786.76 763.98 825.3 0.0
406000 769.68 764.35 778.82 0.0
411000 776.88 767.77 789.34 0.0
416000 774.21 764.99 791.24 0.0
421000 771.47 764.07 793.16 0.0
426000 776.8 764.71 812.66 0.0
431000 774.91 763.94 813.54 0.0
436000 774.94 763.95 813.84 0.0
441000 786.67 763.94 816.51 0.0
446000 772.19 763.97 789.07 0.0
451000 766.26 764.19 769.09 0.0
456000 767.36 764.88 769.07 0.0
461000 789.17 766.58 818.24 0.0
466000 795.2 768.2 824.73 0.0
471000 786.51 764.83 805.38 0.0
476000 767.57 763.94 775.73 0.0
481000 770.73 764.15 784.11 0.0
486000 764.6 763.95 765.13 0.0
491000 775.79 767.2 795.62 0.0
496000 778.37 764.26 797.47 0.0
501000 776.65 763.94 800.99 0.0
506000 775.87 763.97 814.42 0.0
511000 784.52 765.53 814.35 0.0
516000 778.08 764.68 803.68 0.0
521000 781.11 766.66 816.27 0.0
526000 774.66 763.94 813.32 0.0
531000 765.99 764.6 768.75 0.0
536000 773.04 765.91 784.59 0.0
541000 768.13 763.95 775.62 0.0
546000 765.29 764.05 768.02 0.0
551000 772.52 767.66 787.5 0.0
556000 770.17 763.94 790.67 0.0
561000 776.3 765.23 786.24 0.0
566000 785.65 766.77 822.77 0.0
571000 790.52 763.94 824.2 0.0
576000 789.89 766.37 815.05 0.0
581000 771.65 766.24 784.67 0.0
586000 785.86 764.2 816.12 0.0
591000 773.69 763.95 799.95 0.0
596000 778.7 764.33 808.1 0.0
601000 777.85 764.74 823.67 0.0
606000 789.96 765.65 808.48 0.0
611000 773.17 765.58 790.1 0.0
616000 778.89 763.98 813.73 0.0
621000 780.44 763.96 810.72 0.0
626000 781.78 764.05 821.44 0.0
631000 779.67 765.0 806.96 0.0
636000 790.17 763.96 820.85 0.0
641000 778.85 766.36 793.5 0.0
646000 769.39 764.05 782.44 0.0
651000 769.89 763.94 786.53 0.0
656000 775.7 764.01 792.34 0.0
661000 777.63 768.09 804.0 0.0
666000 771.0 763.98 789.19 0.0
671000 802.23 772.69 821.1 0.0
676000 784.56 765.27 804.12 0.0
681000 778.94 763.99 821.61 0.0
686000 780.47 764.11 811.44 0.0
691000 771.57 764.28 784.93 0.0
696000 783.07 771.86 792.93 0.0
701000 783.83 764.16 799.32 0.0
706000 785.09 764.03 807.94 0.0
711000 789.56 765.67 823.5 0.0
716000 785.99 764.66 819.38 0.0
721000 774.61 763.94 811.81 0.0
726000 771.74 764.16 791.41 0.0
731000 794.58 764.25 819.86 0.0
736000 773.41 767.6 789.33 0.0
741000 766.22 763.98 770.59 0.0
746000 775.08 763.96 801.79 0.0
751000 773.45 765.33 789.43 0.0
756000 792.33 768.77 818.21 0.0
761000 782.66 764.03 808.82 0.0
766000 772.67 764.07 789.27 0.0
771000 766.5 764.05 774.11 0.0
776000 785.06 766.73 814.82 0.0
781000 775.92 764.01 813.49 0.0
786000 772.51 764.7 799.17 0.0
791000 771.49 763.94 799.34 0.0
796000 770.06 764.39 779.98 0.0
801000 780.46 764.19 804.22 0.0
806000 778.69 764.22 815.27 0.0
811000 789.8 763.95 824.59 0.0
816000 778.71 764.83 803.34 0.0
821000 776.71 764.18 801.85 0.0
826000 777.62 765.43 814.6 0.0
831000 773.42 764.07 794.56 0.0
836000 781.26 765.33 822.84 0.0
841000 778.63 763.98 805.3 0.0
846000 771.19 763.96 788.7 0.0
851000 766.0 764.06 768.88 0.0
856000 787.0 764.01 825.03 0.0
861000 782.25 764.76 824.57 0.0
866000 776.02 763.98 796.5 0.0
871000 771.49 764.74 782.43 0.0
876000 787.35 764.25 822.85 0.0
881000 794.37 770.6 821.88 0.0
886000 782.31 765.54 818.45 0.0
891000 773.99 763.95 812.02 0.0
896000 795.08 775.41 823.34 0.0
901000 776.56 765.92 805.93 0.0
906000 779.24 764.19 812.22 0.0
911000 782.77 770.14 806.67 0.0
916000 775.89 763.96 795.92 0.0
921000 786.08 764.05 823.61 0.0
926000 784.27 764.73 815.27 0.0
931000 779.03 765.92 800.94 0.0
936000 774.47 764.59 797.0 0.0
941000 773.16 763.95 781.22 0.0
946000 770.19 764.95 782.44 0.0
951000 768.88 763.94 778.96 0.0
956000 776.3 763.94 810.63 0.0
961000 799.7 783.55 821.63 0.0
966000 793.66 770.47 818.19 0.0
971000 772.16 765.5 792.83 0.0
976000 767.03 764.0 770.66 0.0
981000 773.35 767.87 788.69 0.0
986000 782.69 763.96 807.28 0.0
991000 768.57 764.46 773.26 0.0
996000 775.45 764.63 787.97 0.0
