1000 809.35 796.3 830.65 0.0
6000 805.17 796.17 823.87 0.0
11000 814.13 796.71 847.77 0.0
16000 820.33 796.5 852.57 0.0
21000 832.48 800.27 868.47 0.0
26000 816.82 797.23 843.36 0.0
31000 804.72 796.27 829.5 0.0
36000 809.92 796.03 858.71 0.0
41000 808.14 796.85 837.65 0.0
46000 813.83 796.23 860.41 0.0
51000 820.52 796.79 848.27 0.0
56000 821.81 797.03 866.17 0.0
61000 801.42 796.12 804.93 0.0
66000 823.39 796.05 856.2 0.0
71000 809.31 796.68 831.04 0.0
76000 812.91 796.93 855.02 0.0
81000 821.47 801.02 852.39 0.0
86000 815.95 798.71 860.29 0.0
91000 826.56 796.83 852.64 0.0
96000 810.34 798.03 830.35 0.0
101000 800.22 796.58 807.72 0.0
106000 809.83 796.82 826.16 0.0
111000 808.75 801.69 830.76 0.0
116000 799.69 796.85 807.95 0.0
121000 805.6 796.52 815.88 0.0
126000 814.65 804.74 832.29 0.0
131000 812.31 796.09 858.87 0.0
136000 800.98 796.01 814.4 0.0
141000 821.04 798.48 865.06 0.0
146000 809.33 796.48 845.48 0.0
151000 814.79 796.34 835.65 0.0
156000 812.13 798.88 852.28 0.0
161000 812.0 796.48 844.23 0.0
166000 810.28 796.04 851.06 0.0
171000 820.27 797.16 852.76 0.0
176000 816.1 796.02 835.53 0.0
181000 806.83 797.52 818.23 0.0
186000 807.36 801.78 815.9 0.0
191000 800.85 798.51 804.39 0.0
196000 832.41 795.99 862.62 0.0
201000 805.11 796.34 815.92 0.0
206000 816.67 795.97 842.57 0.0
211000 807.07 796.81 822.13 0.0
216000 810.97 795.98 869.17 0.0
221000 830.78 804.64 863.71 0.0
226000 816.77 798.38 847.02 0.0
231000 812.67 796.2 839.38 0.0
236000 823.15 796.46 863.21 0.0
241000 806.62 796.02 832.28 0.0
246000 823.77 803.08 853.88 0.0
251000 810.61 795.98 841.98 0.0
256000 818.14 796.06 862.57 0.0
261000 819.53 796.61 856.05 0.0
266000 805.9 796.48 810.0 0.0
271000 811.4 797.27 833.72 0.0
276000 805.35 796.78 818.51 0.0
281000 805.12 796.12 819.27 0.0
286000 809.35 796.6 837.36 0.0
291000 815.94 798.24 858.15 0.0
296000 822.4 798.74 864.36 0.0
301000 826.53 799.7 865.72 0.0
306000 814.68 796.14 840.29 0.0
311000 806.83 796.07 841.97 0.0
316000 819.06 796.66 856.47 0.0
321000 826.5 803.25 847.16 0.0
326000 819.59 798.83 844.42 0.0
331000 803.61 796.41 810.06 0.0
336000 803.73 796.34 813.88 0.0
341000 801.56 799.99 802.89 0.0
346000 811.47 796.04 849.62 0.0
351000 802.71 797.13 807.91 0.0
356000 814.96 795.97 847.49 0.0
361000 802.59 796.31 810.1 0.0
366000 806.97 796.32 829.43 0.0
371000 810.83 795.99 854.37 0.0
376000 808.36 796.61 834.41 0.0
381000 809.61 796.57 824.99 0.0
386000 813.05 795.99 865.81 0.0
391000 815.55 795.97 826.81 0.0
396000 800.9 798.06 802.61 0.0
401000 802.01 795.97 812.29 0.0
406000 820.39 797.58 859.84 0.0
411000 819.78 796.36 848.43 0.0
416000 806.09 796.19 822.42 0.0
421000 798.44 796.49 800.01 0.0
426000 800.21 797.7 802.72 0.0
431000 825.87 799.39 854.83 0.0
436000 821.88 798.14 855.42 0.0
441000 802.92 795.98 808.58 0.0
446000 816.29 795.98 853.52 0.0
451000 805.99 798.2 816.56 0.0
456000 813.34 796.11 837.52 0.0
461000 824.41 797.01 851.33 0.0
466000 809.04 796.94 845.74 0.0
471000 815.83 796.1 844.38 0.0
476000 800.52 797.11 802.93 0.0
481000 821.94 798.47 845.18 0.0
486000 815.43 795.97 853.37 0.0
491000 812.23 800.29 833.64 0.0
496000 827.68 802.8 856.64 0.0
501000 801.74 795.97 816.0 0.0
506000 818.69 796.68 856.54 0.0
511000 819.89 805.46 842.81 0.0
516000 827.03 798.22 869.56 0.0
521000 812.11 796.01 858.96 0.0
526000 799.14 796.22 804.08 0.0
531000 808.03 796.23 848.93 0.0
536000 806.83 796.24 826.51 0.0
541000 809.17 803.51 817.59 0.0
546000 823.12 800.85 851.58 0.0
551000 800.92 797.37 808.43 0.0
556000 823.91 798.4 854.06 0.0
561000 809.71 800.86 825.78 0.0
566000 818.74 807.18 851.1 0.0
571000 802.12 796.99 808.31 0.0
576000 822.79 803.37 844.72 0.0
581000 808.38 796.24 836.81 0.0
586000 806.19 796.39 831.53 0.0
591000 815.72 796.32 846.26 0.0
596000 817.39 797.19 849.98 0.0
601000 810.56 796.31 844.74 0.0
606000 818.48 797.85 838.24 0.0
611000 803.51 796.42 815.68 0.0
616000 829.96 796.04 854.82 0.0
621000 809.49 796.95 838.38 0.0
626000 808.35 796.0 826.9 0.0
631000 817.55 798.84 848.92 0.0
636000 802.93 798.52 811.46 0.0
641000 812.78 798.3 842.69 0.0
646000 810.3 796.81 847.55 0.0
651000 834.21 796.09 851.68 0.0
656000 821.55 796.18 850.2 0.0
661000 809.09 796.73 834.78 0.0
666000 809.66 796.01 844.75 0.0
671000 803.81 797.72 819.55 0.0
676000 807.64 797.89 830.98 0.0
681000 848.19 808.21 869.32 0.0
686000 813.12 796.87 868.65 0.0
691000 811.39 795.98 859.29 0.0
696000 839.77 796.9 861.13 0.0
701000 805.68 800.32 823.8 0.0
706000 826.5 799.83 854.56 0.0
711000 816.93 799.89 828.07 0.0
716000 809.78 796.98 835.45 0.0
721000 833.83 796.4 850.91 0.0
726000 822.42 800.22 844.7 0.0
731000 809.03 796.42 831.92 0.0
736000 813.37 796.8 839.83 0.0
741000 802.99 797.67 806.88 0.0
746000 817.96 798.31 865.34 0.0
751000 820.94 796.01 864.59 0.0
756000 797.3 795.98 799.05 0.0
761000 828.35 801.59 867.99 0.0
766000 821.76 799.36 840.75 0.0
771000 811.36 800.63 833.44 0.0
776000 815.16 796.23 863.97 0.0
781000 799.73 795.99 812.42 0.0
786000 803.73 796.57 815.9 0.0
791000 824.5 796.94 863.05 0.0
796000 824.95 796.08 863.49 0.0
801000 818.26 803.85 842.91 0.0
806000 825.41 802.32 867.16 0.0
811000 815.0 796.34 851.89 0.0
816000 803.49 796.01 807.92 0.0
821000 811.76 796.63 864.68 0.0
826000 838.88 806.65 866.67 0.0
831000 822.89 796.53 852.36 0.0
836000 817.7 802.5 867.08 0.0
841000 802.22 795.97 811.49 0.0
846000 810.28 796.4 848.97 0.0
851000 837.58 804.62 860.69 0.0
856000 811.44 796.0 862.21 0.0
861000 807.05 795.97 824.68 0.0
866000 801.55 798.82 804.23 0.0
871000 808.96 796.11 825.48 0.0
876000 812.08 797.56 847.97 0.0
881000 811.1 797.81 849.55 0.0
886000 812.37 796.0 834.32 0.0
891000 800.6 797.53 807.28 0.0
896000 812.64 797.26 849.33 0.0
901000 833.46 797.19 864.1 0.0
906000 807.94 796.24 835.29 0.0
911000 815.72 795.97 858.51 0.0
916000 816.59 796.48 856.65 0.0
921000 799.32 795.98 806.42 0.0
926000 815.36 796.4 868.65 0.0
931000 806.49 795.98 839.69 0.0
936000 836.53 810.99 865.91 0.0
941000 799.03 796.0 803.82 0.0
946000 814.9 797.97 842.1 0.0
951000 806.07 795.97 826.97 0.0
956000 822.54 797.32 865.3 0.0
961000 813.21 797.53 838.07 0.0
966000 806.49 795.97 835.46 0.0
971000 809.55 796.0 841.05 0.0
976000 814.15 796.02 859.85 0.0
981000 817.83 796.2 838.06 0.0
986000 809.85 797.69 837.66 0.0
991000 825.43 795.98 860.73 0.0
996000 821.51 796.79 853.96 0.0
