1000 833.49 820.26 852.52 0.0
6000 852.1 821.73 918.56 0.0
11000 868.32 820.65 912.17 0.0
16000 841.94 820.7 882.69 0.0
21000 841.46 820.56 918.32 0.0
26000 833.37 821.69 872.14 0.0
31000 832.05 820.93 860.16 0.0
36000 867.93 831.59 898.5 0.0
41000 851.18 820.54 892.0 0.0
46000 847.32 822.98 901.16 0.0
51000 855.17 826.0 910.08 0.0
56000 851.37 822.17 900.2 0.0
61000 849.58 823.35 913.26 0.0
66000 839.06 820.92 894.7 0.0
71000 831.34 820.23 845.36 0.0
76000 863.54 850.79 893.07 0.0
81000 839.9 820.2 892.84 0.0
86000 830.26 820.34 844.83 0.0
91000 842.09 824.18 876.1 0.0
96000 831.96 821.53 868.08 0.0
101000 824.88 820.18 839.66 0.0
106000 840.64 820.35 893.3 0.0
111000 848.63 822.03 880.76 0.0
116000 840.24 823.36 882.36 0.0
121000 839.73 820.26 891.24 0.0
126000 840.18 820.29 907.94 0.0
131000 835.36 820.27 851.61 0.0
136000 835.17 820.4 891.85 0.0
141000 843.55 820.29 890.57 0.0
146000 838.84 820.23 866.3 0.0
151000 844.84 830.79 858.59 0.0
156000 838.12 821.36 864.29 0.0
161000 846.9 820.26 921.27 0.0
166000 841.95 820.2 904.23 0.0
171000 849.5 825.33 905.75 0.0
176000 852.44 821.26 898.98 0.0
181000 835.54 820.24 851.33 0.0
186000 835.13 821.0 865.71 0.0
191000 825.0 820.26 837.32 0.0
196000 830.07 823.76 841.85 0.0
201000 856.82 823.79 909.93 0.0
206000 853.52 820.53 904.07 0.0
211000 866.91 821.07 913.39 0.0
216000 833.49 820.24 867.0 0.0
221000 834.2 820.24 846.3 0.0
226000 827.73 820.18 844.83 0.0
231000 839.07 820.71 896.1 0.0
236000 845.46 820.38 910.74 0.0
241000 822.72 821.05 826.41 0.0
246000 846.59 820.19 899.51 0.0
251000 824.47 820.18 831.17 0.0
256000 826.65 820.27 835.58 0.0
261000 846.36 820.34 883.6 0.0
266000 842.37 820.18 875.96 0.0
271000 828.2 820.95 852.03 0.0
276000 865.44 822.6 919.47 0.0
281000 871.43 825.78 903.04 0.0
286000 857.12 823.39 890.12 0.0
291000 853.9 820.22 904.81 0.0
296000 823.91 821.15 826.68 0.0
301000 864.67 821.06 919.98 0.0
306000 840.38 824.15 871.91 0.0
311000 839.61 820.31 894.73 0.0
316000 828.39 820.18 848.64 0.0
321000 869.35 820.39 912.74 0.0
326000 842.39 821.17 908.63 0.0
331000 842.91 822.23 873.13 0.0
336000 844.09 821.53 913.72 0.0
341000 844.47 821.34 913.01 0.0
346000 839.52 820.18 874.56 0.0
351000 840.01 821.59 884.38 0.0
356000 828.28 821.59 840.81 0.0
361000 846.1 825.45 909.98 0.0
366000 830.33 821.11 857.57 0.0
371000 834.03 820.19 865.54 0.0
376000 829.57 820.56 838.29 0.0
381000 840.71 821.14 895.29 0.0
386000 835.62 820.18 862.36 0.0
391000 833.15 820.46 846.36 0.0
396000 835.86 823.52 869.02 0.0
401000 824.09 820.2 830.73 0.0
406000 851.23 820.63 880.68 0.0
411000 830.82 821.86 843.62 0.0
416000 848.76 823.78 909.25 0.0
421000 832.29 821.32 873.5 0.0
426000 832.49 820.31 868.53 0.0
431000 841.56 822.62 871.48 0.0
436000 848.07 827.65 880.82 0.0
441000 851.27 825.23 897.51 0.0
446000 840.31 820.18 915.06 0.0
451000 852.56 825.35 876.0 0.0
456000 841.02 820.25 913.71 0.0
461000 868.43 820.7 915.85 0.0
466000 857.65 821.07 918.39 0.0
471000 862.92 820.19 919.95 0.0
476000 830.77 820.22 869.36 0.0
481000 826.22 820.2 841.46 0.0
486000 854.13 833.33 882.53 0.0
491000 833.82 820.18 883.8 0.0
496000 869.95 821.74 913.6 0.0
501000 866.51 820.18 915.76 0.0
506000 836.52 820.32 894.79 0.0
511000 855.76 822.88 895.65 0.0
516000 830.52 820.35 843.78 0.0
521000 857.13 820.59 910.88 0.0
526000 846.06 821.75 918.89 0.0
531000 859.59 821.6 888.48 0.0
536000 847.38 820.87 899.24 0.0
541000 864.62 830.08 913.2 0.0
546000 841.04 820.19 879.42 0.0
551000 841.27 820.46 875.48 0.0
556000 868.09 826.1 907.07 0.0
561000 839.22 820.88 875.8 0.0
566000 861.71 830.34 881.0 0.0
571000 838.47 820.21 887.81 0.0
576000 839.7 822.14 864.91 0.0
581000 837.12 824.47 861.06 0.0
586000 865.82 820.29 908.66 0.0
591000 842.22 822.73 898.44 0.0
596000 854.69 820.64 909.38 0.0
601000 855.57 822.08 915.66 0.0
606000 853.33 824.6 884.58 0.0
611000 856.84 820.19 921.18 0.0
616000 827.85 820.22 848.88 0.0
621000 860.77 823.78 881.62 0.0
626000 842.43 820.3 887.52 0.0
631000 846.03 820.28 895.84 0.0
636000 831.41 822.34 852.96 0.0
641000 860.17 821.59 916.65 0.0
646000 844.58 820.19 919.19 0.0
651000 862.04 820.29 896.01 0.0
656000 824.8 820.19 835.19 0.0
661000 824.64 820.59 834.25 0.0
666000 861.76 822.45 895.69 0.0
671000 849.81 820.18 885.82 0.0
676000 862.24 821.43 920.28 0.0
681000 831.05 820.39 868.79 0.0
686000 856.25 829.48 902.93 0.0
691000 843.21 820.69 904.43 0.0
696000 841.22 820.33 870.93 0.0
701000 832.23 820.2 879.5 0.0
706000 847.4 821.17 889.64 0.0
711000 856.21 820.88 917.12 0.0
716000 842.07 820.19 917.88 0.0
721000 837.02 820.35 879.41 0.0
726000 852.29 823.59 921.37 0.0
731000 845.66 820.34 903.54 0.0
736000 835.82 823.13 879.6 0.0
741000 829.56 820.18 842.88 0.0
746000 830.42 820.6 857.49 0.0
751000 858.19 822.48 910.28 0.0
756000 844.41 821.2 897.36 0.0
761000 831.56 820.29 856.39 0.0
766000 835.15 820.23 856.39 0.0
771000 832.99 820.99 851.7 0.0
776000 851.35 823.84 896.67 0.0
781000 833.48 820.18 861.84 0.0
786000 826.01 820.29 843.58 0.0
791000 854.43 820.64 915.32 0.0
796000 875.94 831.57 917.16 0.0
801000 863.71 823.44 904.59 0.0
806000 853.74 822.86 913.27 0.0
811000 848.6 823.5 913.76 0.0
816000 830.26 822.91 851.8 0.0
821000 884.64 847.1 917.69 0.0
826000 849.33 820.18 883.34 0.0
831000 833.69 820.47 863.49 0.0
836000 852.33 826.83 887.68 0.0
841000 846.59 820.21 868.55 0.0
846000 844.36 820.78 877.5 0.0
851000 828.59 821.93 834.67 0.0
856000 834.56 820.37 859.72 0.0
861000 853.04 822.35 874.54 0.0
866000 828.74 820.44 837.36 0.0
871000 843.92 820.98 919.58 0.0
876000 837.49 820.27 899.14 0.0
881000 847.35 820.2 895.59 0.0
886000 833.18 820.27 877.82 0.0
891000 850.36 820.56 903.54 0.0
896000 849.39 831.72 898.7 0.0
901000 851.64 820.32 897.13 0.0
906000 850.52 820.62 892.73 0.0
911000 849.26 821.85 919.48 0.0
916000 835.32 820.98 868.06 0.0
921000 867.25 826.51 890.18 0.0
926000 846.73 821.35 907.06 0.0
931000 846.66 820.62 906.65 0.0
936000 848.05 822.87 877.57 0.0
941000 870.03 821.05 916.7 0.0
946000 830.44 820.59 855.49 0.0
951000 852.9 825.17 869.87 0.0
956000 850.18 821.48 873.42 0.0
961000 849.37 820.66 898.49 0.0
966000 830.62 820.24 871.65 0.0
971000 834.07 820.44 874.25 0.0
976000 862.47 823.2 914.94 0.0
981000 850.49 824.31 894.35 0.0
986000 822.49 820.19 828.23 0.0
991000 837.35 821.93 875.58 0.0
996000 862.18 822.2 921.04 0.0
